camera_matrix:
- - 220.36616358831316
  - 0.0
  - 311.55846795277506
- - 0.0
  - 253.76647364743104
  - 177.2609238916233
- - 0.0
  - 0.0
  - 1.0
dist_coeff:
- - -0.11594706601882293
  - 0.05200665699160119
  - -0.003536014631365368
  - -0.028678738723863374
  - -0.009459363952049243
